NT
OG
MJ 0,0,0,0,-8
TI 10
MJ -21.2,15.5,-61.5,-44.1,0.0
MJ -0.0,-4.0,2.0,2.0,73.8
GC
TI 10
MJ -0.0,4.0,-2.0,-2.0,-73.8
MJ -72.2,-6.4,19.1,-12.7,90.0
MJ -0.0,-4.1,2.7,1.4,0.0
TI 10
GO
TI 10
MJ -0.0,4.1,-2.7,-1.4,0.0
MJ 112.2,10.2,-31.7,21.5,-90.0
MJ -0.0,-4.2,1.8,2.3,128.5
GC
TI 10
MJ -0.0,4.2,-1.8,-2.3,-128.5
MJ -108.8,-10.0,31.1,-21.2,90.0
MJ -0.0,-4.1,2.7,1.4,0.0
TI 10
GO
TI 10
MJ -0.0,4.1,-2.7,-1.4,0.0
MJ 100.1,6.6,-19.6,13.1,-90.0
MJ -0.0,-4.0,2.0,2.0,127.4
GC
TI 10
MJ -0.0,4.0,-2.0,-2.0,-127.4
MJ -96.7,-6.7,20.2,-13.4,90.0
MJ -0.0,-4.1,2.7,1.4,0.0
TI 10
GO
TI 10
MJ -0.0,4.1,-2.7,-1.4,0.0
MJ 76.7,6.3,-18.8,12.5,-90.0
MJ -0.0,-4.0,2.0,2.0,102.3
GC
TI 10
MJ -0.0,4.0,-2.0,-2.0,-102.3
MJ -81.8,4.1,16.3,-20.4,90.0
MJ -0.0,-6.5,0.5,6.0,0.0
TI 10
GO
TI 10
MJ -0.0,6.5,-0.5,-6.0,0.0
MJ 91.8,-9.9,1.3,8.7,-90.0
MJ -0.0,-4.1,2.6,1.5,177.7
GC
TI 10
MJ -0.0,4.1,-2.6,-1.5,-177.7
MJ -88.4,9.9,-1.3,-8.7,90.0
MJ -0.0,-6.5,0.5,6.0,0.0
TI 10
GO
TI 10
MJ -0.0,6.5,-0.5,-6.0,0.0
MJ 88.8,-1.0,-26.6,27.5,-90.0
MJ -0.0,-4.1,1.9,2.3,178.7
GC
TI 10
MJ -0.0,4.1,-1.9,-2.3,-178.7
MJ -90.5,8.0,32.7,-40.7,90.0
MJ -0.0,-7.0,-6.3,13.3,0.0
TI 10
GO
TI 10
MJ -0.0,7.0,6.3,-13.3,0.0
