NT
OG
MJ 0,0,0,0,-8
TI 50
GC
TI 10
MJ 0,2.3,-2.3,0,0
MJ 27.8,29.7,-92.7,63.0,0.0
MJ -0.0,-2.1,0.2,1.8,0.0
MJ 4.7,0.9,-4.1,3.2,0.0
MJ 1.2,-5.6,21.1,-15.5,0.0
MJ -4.3,-1.4,4.5,-3.1,0.0
MJ -0.0,1.8,-0.2,-1.6,0.0
MJ 1.5,4.1,-13.6,9.4,0.0
MJ -0.0,-1.9,0.2,1.7,0.0
MJ 2.3,0.5,-1.9,1.4,0.0
MJ -0.0,2.0,-0.2,-1.8,0.0
MJ 0.6,2.8,-10.9,8.1,0.0
MJ -0.0,-2.2,0.2,1.9,0.0
MJ 4.9,0.5,-2.4,1.9,0.0
MJ 0.6,-5.2,20.9,-15.6,0.0
MJ -4.5,-0.8,2.6,-1.8,0.0
MJ -0.0,1.8,-0.2,-1.6,0.0
MJ 1.8,3.6,-12.4,8.8,0.0
MJ -0.0,-2.0,0.2,1.8,0.0
MJ 2.4,0.3,-1.0,0.8,0.0
MJ -0.0,2.0,-0.2,-1.8,0.0
MJ 0.9,2.5,-10.4,7.9,0.0
MJ -0.0,-2.2,0.2,2.0,0.0
MJ 5.1,0.1,-0.7,0.6,0.0
MJ -0.0,-5.1,20.8,-15.7,0.0
MJ -4.6,-0.2,0.7,-0.5,0.0
MJ -0.0,1.9,-0.2,-1.7,0.0
MJ 2.2,3.2,-11.4,8.1,0.0
MJ -0.0,-2.0,0.2,1.8,0.0
MJ 2.4,0.0,-0.2,0.1,0.0
MJ -0.0,2.0,-0.2,-1.8,0.0
